   2.40174704E-04
  -4.94763767E-03
  -4.25482765E-02
  -5.30951377E-03
   7.16010295E-03
   1.80222734E-04
  -1.81944948E-02
   3.23396031E-04
  -3.34367272E-03
  -1.04588838E-02
  -7.06221629E-03
   4.29359358E-03
   1.12797112E-04
   6.36258570E-04
  -2.09886655E-02
  -6.84074834E-02
   5.57601801E-04
  -3.23387817E-03
  -1.12139927E-02
  -9.60830878E-03
   1.84096918E-02
   7.32429791E-03
  -1.97826736E-02
   8.35576933E-03
  -6.60331408E-03
  -1.30379270E-03
  -2.59142332E-02
  -9.94950011E-02
  -5.17963842E-02
  -4.10333052E-02
  -2.42280681E-02
   4.51470900E-04
  -3.70820891E-03
   8.15745723E-03
  -6.48885733E-03
   3.85303493E-03
  -3.57032591E-03
  -1.71426742E-03
   1.41670331E-02
 -0.102601580    
 -0.143206105    
  -5.75581677E-02
  -6.48448290E-03
  -1.39564425E-02
   2.40058079E-02
  -9.15671885E-03
  -6.65092375E-04
   1.23393536E-02
  -1.80961518E-03
  -1.43791726E-02
   1.74724846E-04
  -1.01534547E-02
 -0.155714065    
  -9.04176533E-02
  -7.48458356E-02
  -1.18625052E-02
   2.19393685E-03
   7.74504943E-03
   2.53627193E-03
   8.05902574E-03
   1.13284700E-02
   1.18106361E-02
   1.53219346E-02
  -7.09373597E-03
  -2.95396219E-03
 -0.151781350    
  -4.22728322E-02
  -3.93578112E-02
   1.82650099E-03
  -5.28347446E-03
   4.22561134E-04
  -1.52880484E-02
   2.59102997E-03
   1.43818995E-02
  -4.74518398E-03
   4.47475351E-03
  -5.34976553E-03
   8.86557437E-03
   1.72511432E-02
  0.169318378    
   7.91997910E-02
   1.45051181E-02
   3.21386568E-02
   3.79015878E-02
   4.76628132E-02
   2.38736439E-03
   3.36801284E-03
   1.67814940E-02
   4.32278635E-03
   9.50389728E-03
  -2.07837118E-04
  0.261585683    
  0.252759427    
  0.127941445    
   5.61028384E-02
   8.25062767E-02
   9.40376613E-03
   1.97075475E-02
   7.14424392E-03
   1.45187252E-03
   3.04246438E-03
   9.39217955E-03
   2.05791779E-02
  -1.75386816E-02
  0.332846016    
  0.228925616    
  0.124263212    
   3.51299904E-02
   4.76638041E-02
   4.19990569E-02
   6.34440184E-02
  -4.83236508E-03
   3.49693629E-03
   2.46566553E-02
   2.53395773E-02
   4.88240086E-03
   1.97613798E-03
  0.261585534    
  0.180932432    
  0.110245727    
   5.75115830E-02
   5.47463447E-02
   9.95950215E-03
   3.37041467E-02
   8.75875540E-03
   4.43431595E-03
   1.82451010E-02
   2.95405667E-02
  -2.63045356E-03
   2.80377455E-02
   3.35218385E-02
   6.09877370E-02
   1.11992396E-02
   1.46116652E-02
  -2.28506303E-03
  -2.13488843E-03
   2.38458682E-02
   3.19025666E-02
   9.74447746E-03
  -1.36524055E-03
   6.71048509E-03
   1.71384495E-03
   1.76680158E-04
 -0.151781335    
 -0.118655242    
  -7.40434751E-02
  -6.37669349E-03
   3.60726379E-02
   2.88408864E-02
  -8.69724993E-03
   1.78906496E-03
   6.51363167E-04
   5.15177147E-03
   2.47576670E-03
   4.27237265E-02
   2.87448857E-02
 -0.155713990    
 -0.135381162    
 -0.124701291    
  -4.43010591E-02
  -6.38928339E-02
  -2.18142048E-02
   2.85546808E-03
   4.82892152E-04
   3.79568189E-02
  -8.30453262E-03
   5.23889251E-03
   1.38712591E-02
  -2.86788214E-03
 -0.102601536    
  -9.46472511E-02
  -7.69455507E-02
  -5.69055118E-02
  -2.87962402E-03
  -3.74294585E-03
  -1.14059728E-02
  -2.77933944E-03
  -2.56124442E-03
  -3.09248280E-04
   5.59147028E-03
   2.37815920E-02
   9.87297483E-03
  -4.63145748E-02
  -6.07241653E-02
  -4.69016433E-02
  -6.93171239E-03
  -3.32740545E-02
  -3.54910232E-02
  -2.66646780E-02
   6.59456709E-05
   2.52739905E-04
  -4.74265544E-03
  -2.38662423E-03
   1.68105625E-02
   5.69534488E-03
   6.36274868E-04
   4.57679416E-04
  -3.44259827E-03
  -5.56665733E-02
  -5.33073135E-02
  -6.31336868E-02
  -2.24516504E-02
  -2.17142282E-03
   3.62774567E-03
   5.41308289E-03
   8.30212329E-03
   4.57585556E-03
  -7.73046585E-03
   2.40181107E-04
   2.43184433E-04
   1.25772814E-04
  -3.97493057E-02
  -7.96032418E-03
  -2.17279289E-02
  -2.69205347E-02
  -1.01948541E-03
  -2.63590105E-02
  -1.41877448E-02
  -5.31748077E-03
   1.48148416E-02
   3.88386496E-03
