  0.855746150    
  0.840411961    
  0.872694552    
  0.906663597    
  0.879470229    
  0.938909650    
  0.875980616    
  0.900162220    
  0.846418381    
  0.925039768    
  0.876372039    
  0.802986503    
  0.745093465    
  0.687532008    
  0.833486795    
  0.809394300    
  0.720491052    
  0.797662437    
  0.935850263    
  0.773858666    
  0.902514756    
  0.892020464    
  0.767250896    
  0.872601092    
  0.935177982    
  0.812709272    
  0.937612355    
  0.899407446    
  0.838896573    
  0.429198027    
  0.770449758    
  0.857997656    
  0.899075508    
  0.797383904    
  0.949081719    
  0.840794444    
  0.860023737    
  0.864283502    
  0.814003527    
  0.805033207    
  0.797856152    
  0.954156160    
  0.826108992    
  0.904330969    
  0.894593060    
  0.842352569    
  0.787270248    
  0.874425292    
  0.915384293    
  0.830214143    
  0.867279291    
  0.851921439    
  0.845399141    
  0.785370588    
  0.795474350    
  0.919256926    
  0.839530051    
  0.929919541    
  0.759417892    
  0.755613625    
  0.813416600    
  0.660998225    
  0.885391593    
  0.931117058    
  0.906775832    
  0.854943335    
  0.868786216    
  0.928228974    
  0.879290581    
  0.810283005    
  0.803208530    
  0.721074522    
  0.780134559    
  0.876903892    
  0.829636395    
  0.804468751    
  0.882409990    
  0.662150502    
  0.823550045    
  0.882387519    
  0.748871446    
  0.921134233    
  0.869585574    
  0.900601864    
  0.894360483    
  0.789935827    
  0.844141722    
  0.870861888    
  0.812683702    
  0.880319476    
  0.790277600    
  0.858572781    
  0.841093361    
  0.855486035    
  0.911608100    
  0.780227005    
  0.806769371    
  0.792675495    
  0.870183408    
  0.625753880    
  0.720969379    
  0.900157213    
  0.745185852    
  0.944499850    
  0.769087076    
  0.839225411    
  0.867364287    
  0.817993939    
  0.871768296    
  0.838768005    
  0.779676199    
  0.733948708    
  0.776447594    
  0.902919471    
  0.709675074    
  0.629234374    
  0.647091389    
  0.807716966    
  0.760607421    
  0.736308217    
  0.829892755    
  0.842871964    
  0.840513587    
  0.749257565    
  0.748807788    
  0.762560964    
  0.881740749    
  0.793536007    
  0.803682566    
  0.795271575    
  0.751948297    
  0.905480623    
  0.726454496    
  0.618473828    
  0.641074181    
  0.822768688    
  0.829349875    
  0.829051554    
  0.769687891    
  0.688694656    
  0.766860485    
  0.888187945    
  0.720257163    
  0.714056909    
  0.900889993    
  0.613148391    
  0.629650414    
  0.694216967    
  0.790615022    
  0.762693942    
  0.754470110    
  0.725568295    
  0.921283424    
  0.852957845    
  0.867825508    
  0.611680686    
  0.714622617    
  0.789224505    
  0.838547885    
  0.773135066    
  0.493334293    
  0.832003236    
  0.787641525    
  0.836043954    
  0.779369235    
  0.729992449    
  0.855318189    
  0.892832994    
  0.798002958    
  0.704980135    
  0.891623259    
  0.762517691    
  0.650454700    
  0.739333808    
  0.810005069    
  0.674914002    
  0.796807289    
  0.855942070    
  0.727890670    
  0.642757058    
  0.756592870    
  0.662354112    
  0.704736650    
  0.824375153    
  0.800159693    
  0.842283905    
  0.778978288    
  0.796003819    
  0.719341397    
  0.745735228    
  0.905638635    
  0.725869477    
  0.836283684    
  0.825025678    
  0.681994259    
  0.872471631    
  0.635901272    
  0.549808979    
  0.752894223    
  0.551044941    
  0.793862343    
  0.653787553    
  0.653824449    
  0.802244365    
  0.844637275    
  0.659003735    
  0.641434968    
  0.724765062    
  0.647337437    
  0.770395160    
  0.676118135    
  0.617787480    
  0.589945436    
  0.770737350    
  0.805351019    
  0.541333795    
  0.684128404    
  0.821100831    
  0.621836126    
  0.783582628    
  0.755601823    
  0.769719183    
  0.710662961    
  0.710887849    
  0.677367985    
  0.661803365    
  0.796382785    
  0.726894975    
  0.752236009    
  0.690937519    
  0.633556247    
  0.742434144    
  0.733411551    
  0.582652688    
  0.661198676    
  0.848256111    
  0.791554689    
  0.729026735    
  0.704054058    
  0.652092755    
  0.790892839    
  0.764172137    
  0.753826261    
  0.710282564    
  0.724962831    
  0.553412795    
  0.656006277    
  0.759414792    
  0.565854013    
  0.694792271    
  0.733126044    
  0.596276224    
  0.608655334    
  0.618588388    
  0.561266184    
  0.672841311    
  0.661610365    
  0.742329061    
  0.600755572    
  0.463801205    
  0.700640559    
  0.692772746    
  0.797402203    
  0.726816177    
  0.613270342    
  0.752615452    
  0.804674745    
  0.719719589    
  0.731347561    
  0.658415735    
  0.686962605    
  0.714412391    
  0.875624239    
  0.668428242    
  0.727040648    
  0.786633849    
  0.838886321    
  0.671191692    
  0.887813210    
  0.726287544    
  0.598149717    
  0.704665720    
  0.739669681    
  0.663208723    
  0.807088971    
  0.619448185    
  0.628403664    
  0.587193668    
  0.668098629    
  0.586573124    
  0.669566154    
  0.687139213    
  0.772152901    
  0.563682675    
  0.749537408    
  0.638693750    
  0.732913733    
  0.644659042    
  0.702376306    
  0.742322266    
  0.700828552    
  0.536457717    
  0.730469584    
  0.656245232    
  0.721091807    
  0.583550215    
  0.514858067    
  0.554919124    
  0.682253480    
  0.630990148    
  0.645736575    
  0.768364668    
  0.612183034    
  0.485230982    
  0.724363804    
  0.801892519    
  0.741485715    
  0.608887970    
  0.861865222    
  0.550246716    
  0.550984859    
  0.811984122    
  0.646463513    
  0.832988739    
  0.826079607    
  0.816161096    
  0.661160946    
  0.451594889    
  0.757514834    
  0.614487946    
  0.543076217    
  0.593631685    
  0.712002039    
  0.593166590    
  0.513310075    
  0.686231375    
  0.647040308    
  0.504365265    
  0.609686911    
  0.656936467    
  0.569573879    
  0.858830214    
  0.517590702    
  0.743253171    
  0.769902825    
  0.583384395    
  0.578596234    
  0.626527846    
  0.508419275    
  0.541467309    
  0.645151734    
  0.751686990    
  0.337986022    
  0.649691582    
  0.742080629    
  0.749501407    
  0.555140316    
  0.680358291    
  0.692712426    
  0.583097339    
  0.594766140    
  0.469060391    
  0.723692298    
  0.444239259    
  0.328729302    
  0.527802229    
  0.765062034    
  0.616151929    
  0.492256522    
  0.551027715    
  0.539780378    
  0.469423801    
  0.555447102    
  0.769491255    
  0.573566079    
  0.595586658    
  0.435682833    
  0.621975482    
  0.647096932    
  0.528430641    
  0.656563044    
  0.696442008    
  0.503726721    
  0.540886045    
  0.687264562    
  0.654944777    
  0.612762570    
  0.687843561    
  0.493900985    
  0.599206507    
  0.734068692    
  0.597033501    
  0.524561703    
  0.595698535    
  0.707987189    
  0.574401200    
  0.329222530    
  0.584450185    
  0.607717752    
  0.664720774    
  0.605290771    
  0.540341735    
  0.756919384    
  0.799659669    
  0.329195470    
  0.687620819    
  0.810906529    
  0.753344893    
  0.771761477    
  0.487753868    
  0.428796172    
  0.351135790    
  0.528955340    
  0.436690569    
  0.566280961    
  0.469115913    
  0.631544352    
  0.608726740    
  0.532438040    
  0.526325405    
  0.629110813    
  0.508603632    
  0.678229153    
  0.427087754    
  0.603987515    
  0.719465375    
  0.517278075    
  0.870129108    
  0.433712512    
  0.520749509    
  0.591454446    
  0.500197887    
  0.437582761    
  0.730031013    
  0.502699256    
  0.611690462    
  0.408585578    
  0.535021484    
  0.617348790    
  0.468459189    
  0.683406532    
  0.479439378    
  0.447899610    
  0.538292587    
  0.438952565    
  0.427217871    
  0.323715210    
  0.685563505    
  0.360910177    
  0.541378915    
  0.460172176    
  0.540510952    
  0.565321445    
  0.494511873    
  0.576831400    
  0.511030555    
  0.470468998    
  0.675453126    
  0.812680900    
  0.708857358    
  0.658757985    
  0.487017721    
  0.537602544    
  0.606399357    
  0.431989729    
  0.582167089    
  0.419120908    
  0.568518817    
  0.518774211    
  0.428638488    
  0.577737331    
  0.529632568    
  0.544506550    
  0.410070479    
  0.700638711    
  0.410469532    
  0.636443973    
  0.647912979    
  0.565925121    
  0.556089401    
  0.587175250    
  0.358925968    
  0.416694999    
  0.713077247    
  0.754538774    
  0.471662104    
  0.538909376    
  0.541291833    
  0.452923536    
  0.552576959    
  0.167939365    
  0.505437493    
  0.367756188    
  0.505085468    
  0.250389248    
  0.467927337    
  0.444476992    
  0.408926785    
  0.352154344    
  0.428245246    
  0.391393214    
  0.592795014    
  0.344114274    
  0.353006482    
  0.525707960    
  0.584118247    
  0.410444736    
  0.548597932    
  0.410655409    
  0.511435747    
  0.435880005    
  0.650180101    
  0.422920257    
  0.411143541    
  0.475958467    
  0.400616974    
  0.692147374    
  0.277736783    
  0.444786191    
  0.296822965    
  0.533370137    
  0.513112783    
  0.623058558    
  0.424253225    
  0.499510676    
  0.420706451    
  0.588325679    
  0.604475915    
  0.383513898    
  0.507605433    
  0.435354054    
  0.429149568    
  0.557738066    
  0.589639187    
  0.671041071    
  0.535297930    
  0.478611588    
  0.555628300    
  0.496020257    
  0.393556744    
  0.596573055    
  0.336875647    
  0.467751145    
  0.420715064    
  0.613998294    
  0.338981986    
  0.440397203    
  0.264157891    
  0.346297145    
  0.600456357    
  0.502901375    
  0.557511568    
  0.616910100    
  0.520395815    
  0.452346712    
  0.506424248    
  0.373552620    
  0.516973257    
  0.483810484    
  0.521354318    
  0.273123413    
  0.450551242    
  0.513193130    
  0.495692492    
  0.697850108    
  0.392158896    
  0.588353932    
  0.610217512    
  0.219399273    
  0.356079817    
  0.519251823    
  0.352748007    
  0.472717226    
  0.369509548    
  0.357445866    
  0.544846892    
  0.395604342    
  0.351548254    
  0.626886427    
  0.396098554    
  0.403037220    
  0.467461526    
  0.390616328    
  0.405072689    
  0.348719478    
  0.360968769    
  0.418165326    
  0.404603213    
  0.371600419    
  0.345618963    
  0.263462096    
  0.419903219    
  0.422627598    
  0.461720616    
  0.495115876    
  0.322502822    
  0.291741967    
   4.88432012E-02
  0.528486252    
  0.156836018    
  0.710591078    
  0.489822507    
  0.414458662    
  0.256188869    
  0.556675255    
  0.465234131    
  0.529141486    
  0.363677442    
  0.576397896    
  0.396818578    
  0.343440026    
  0.439378202    
  0.500181377    
  0.215723753    
  0.473081291    
  0.443881094    
  0.469434142    
  0.287245035    
  0.192008808    
  0.290221483    
  0.324836671    
  0.470027387    
  0.125959694    
  0.451149255    
  0.529996693    
  0.400185168    
  0.457101107    
  0.445024461    
  0.521132767    
  0.382191002    
  0.517631829    
  0.584338367    
  0.379746407    
  0.503237724    
  0.572477221    
  0.521027267    
  0.490703046    
  0.297171384    
  0.326734394    
  0.355071783    
  0.493124306    
  0.416291833    
  0.225222379    
  0.296828896    
  0.236953467    
  0.141812772    
  0.338310421    
  0.305266887    
  0.433198363    
  0.587157726    
  0.203769878    
  0.417442799    
  0.525608063    
  0.379304022    
  0.440829992    
  0.369342327    
  0.295082748    
  0.203468531    
  0.569456458    
  0.418730676    
  0.587574303    
  0.125382185    
  0.255687654    
  0.433344960    
  0.274282336    
  0.431770593    
  0.474747479    
  0.237016812    
  0.526146352    
  0.443383038    
  0.382424265    
  0.159736052    
  0.227777839    
  0.176891401    
  0.436326742    
  0.447550625    
   9.50958282E-02
  0.231914774    
  0.457020044    
  0.384419978    
  0.314369023    
  0.493399560    
  0.403257400    
  0.505613863    
  0.497371167    
  0.284005612    
  0.389897168    
  0.276557028    
  0.500196874    
  0.291987121    
  0.415490121    
  0.357817888    
  0.516379476    
  0.313344777    
  0.421350121    
  0.325448394    
  0.292063415    
  0.319754183    
  0.644006610    
  0.384525567    
  0.252135545    
  0.449015051    
  0.301720947    
  0.235194623    
  0.258681715    
  0.211059898    
  0.372887760    
  0.525299072    
  0.348061860    
  0.360191584    
  0.209387258    
  0.222547650    
  0.336851954    
  0.442187309    
  0.434955418    
  0.128015235    
  0.321972549    
  0.371306419    
  0.163141727    
  0.373931736    
  0.444367319    
  0.306442916    
  0.609309733    
  0.616666913    
  0.243141711    
  0.387467623    
  0.276226044    
  0.485705912    
  0.568670988    
  0.426236570    
  0.273934633    
  0.355794579    
  0.346450210    
  0.423242211    
  0.212928623    
  0.408233225    
  0.251785517    
  0.164330974    
  0.307870954    
  0.269306540    
  0.376805514    
   5.88061176E-02
  0.335246384    
  0.287401974    
  0.428564072    
  0.491720527    
  0.297552228    
  0.204534456    
  0.135950506    
  0.367413282    
  0.401205093    
  0.411399186    
  0.377103448    
  0.198992044    
  0.260273933    
  0.557979465    
  0.213941276    
  0.285576314    
  0.316747785    
  0.421451092    
  0.300274521    
  0.311337531    
  0.332595557    
  0.395363390    
  0.113038942    
  0.275999367    
  0.209005326    
  0.195203781    
  0.143292606    
  0.169125468    
  0.227600873    
  0.355720878    
  0.304420173    
  0.380772233    
  0.376731366    
  0.419109285    
  0.219400406    
  0.210550904    
  0.280238122    
  0.384615183    
  0.278696656    
  0.123493269    
  0.306475610    
  0.238309771    
  0.375784814    
  0.399112165    
  0.300546438    
  0.164385766    
  0.436931103    
  0.404158890    
  0.243567243    
  0.217703834    
   3.74874994E-02
   8.93640369E-02
  0.319748044    
  0.360737085    
   9.17967483E-02
  0.271086037    
  0.509194553    
  0.344760686    
  0.166112125    
  0.469662964    
  0.215407968    
  0.276723564    
  0.416203499    
  0.304772437    
  0.389237016    
  0.346725345    
  0.269183308    
  0.135971904    
  0.332083791    
  0.133822992    
  0.509402752    
  0.259672135    
  0.170665383    
  0.248677790    
  0.289732039    
  0.238123685    
  0.252924889    
  0.277016342    
  0.142951012    
  0.122806981    
  0.261260629    
  0.401404470    
  0.138288230    
  0.249599397    
  0.220374346    
  0.483555257    
  0.239702895    
  0.234767407    
  0.299082339    
  0.133905903    
  0.358204663    
